Current cost: -1.8161169744140081475557372894472017717175621645218422510473251142e+01
AUX variables: 1
Xb: [('OPE', 0, 1.4137908023945869558861904842607958682484040442028139469753908250e+00), ('OPE', 0, 1.4137908023945869558862019355120865974835747626059791143131463377e+00), ('OPE', 0, 3.8636176703389104587096138703030290424874139412938588090612027171e+00), ('OPE', 0, 3.8636176703389104587095973900759927586837559432263515205051433792e+00), ('OPE', 0, 8.9806572918311335733131697326966597698032195108909013499815177881e+00), ('OPE', 2, 5.4924713125788757853653263051367303930852163786248974108626076884e+00), ('OPE', 2, 5.4924713125788757853653021241767963910733715999203321621120805307e+00), ('OPE', 2, 8.5307270463916071952305831226523518942279635044883077872595914016e+00), ('OPE', 2, 8.5307270463916071952300971666551821147589179071841326473475628911e+00), ('OPE', 4, 5.0000000000000000000000000000000000000000000000000000000000000000e+00), ('OPE', 4, 5.0635225392229345479992608170374749416630281059016806014001123510e+00), ('OPE', 4, 5.0635225392229345479992608173583117256062060946006349015569947247e+00), ('OPE', 4, 7.3894372404990706392934570359977396172315271542586413341003190378e+00), ('OPE', 4, 7.3894372404990706413324329562395919615483576927666932648777774735e+00), ('OPE', 6, 7.0313580761354412277837954980795804407839478351088417274545859051e+00), ('OPE', 6, 7.0313580761354412277837954980880264783707871745199279226680572213e+00), ('OPE', 6, 9.1543637939594200534387128088417102670085026835464156554282680029e+00), ('OPE', 8, 9.0203935360741007344451183819878316627984583721001578389498105395e+00), ('OPE', 8, 9.0203935360741007344451184137160675536482588430390638998276251371e+00), ('OPE', 8, 1.0607728640533046462520819045820911653957488399652206453299837510e+01), ('OPE', 8, 1.0607728640533046462520821069186920265980072021493411583586957259e+01), ('OPE', 8, 1.1421342969249850507670626606247596884401230386699802898499458503e+01), ('OPE', 8, 1.1421342969249850507670626606730998032306175266450045039742429282e+01), ('OPE', 10, 1.1042626774698975960351094748005394236158201745768573543696643467e+01), ('OPE', 10, 1.1042626774698975960351094747983883754469077391985778432277165247e+01), ('OPE', 12, 1.9370018909894173347848460201758806156668635781415886545719809644e+01), ('OPE', 20, 2.1000000000000000000000000000000000000000000000000000000000000000e+01), ('BOUND', 2, 3.0000000000000000000000000000000000000000000000000000000000000000e+00)]
Solution: [7.46156155e+00 3.83917513e-01 1.09478346e-01 4.60166644e-01
 6.34549552e-03 3.56342628e-01 2.52188442e-01 4.99053932e-03
 2.95675935e-02 1.15264786e+01 6.91032646e+00 1.97554328e-02
 6.57549634e-01 4.67907715e-02 1.60200308e+01 3.16390127e+00
 5.04937740e-01 2.34850005e+00 1.39970299e+01 3.19886610e-01
 2.24547691e-01 4.78377448e-01 1.61666721e-01 5.19127750e+00
 2.43782034e+01 3.49190833e+01 7.25867761e+03 1.81611697e+01]
 Iterations:2793